-0.887804 4.360581
-0.942781 4.264730
-1.451428 4.368069
-0.433809 4.068417
-0.596072 4.916359
-0.974456 5.300612
-1.116880 4.547367
-1.703527 5.383712
-1.952744 5.094540
-1.316226 4.963806
-1.052145 4.131860
-1.520793 4.842621
-1.361134 5.048338
-1.953089 4.315133
-0.838615 5.015968
-1.080767 3.996250
-0.556645 4.860290
-0.882377 4.476405
-1.179299 3.971910
-1.062918 5.081269
-0.579676 4.530570
-0.900329 3.694943
-1.374250 4.076611
-1.348912 3.796271
-1.152040 3.744322
-1.061982 4.603834
-1.745627 5.112482
-0.946339 4.781916
-1.088222 4.313829
-1.950723 3.825750
-1.732853 5.365575
-0.426237 4.856733
-1.460937 5.019040
-1.396803 4.785442
-1.360303 3.686741
-1.685286 4.002504
-0.989369 4.279786
-1.947591 4.629369
-1.119095 4.633741
-1.472867 3.578876
-1.220153 3.999606
-2.008966 4.201443
-1.181259 3.953670
-1.975208 4.535249
-1.986468 4.401890
-1.640752 4.696194
-0.282456 4.663741
-0.568851 5.059305
1.574499 5.059222
1.968198 0.230414
1.953697 0.914489
1.583965 1.237103
1.625404 0.746874
1.943611 0.738717
3.168319 1.458926
1.791419 1.551856
2.360983 1.819111
2.627448 0.100071
1.543496 1.133180
2.860715 0.930056
2.058589 1.179432
2.593850 0.368922
2.459737 0.540606
2.696924 1.510410
1.381356 0.938191
2.129763 0.449763
2.539874 0.715077
2.045750 1.516790
2.496961 1.922262
2.193860 0.480387
2.613856 0.237383
2.306686 1.005152
2.808559 1.323957
2.833906 0.785043
1.995335 1.230075
1.593666 0.905242
2.684537 0.393375
1.945380 0.243523
2.271794 0.469773
2.445604 1.464428
1.923539 0.880953
2.163675 0.545738
2.420320 1.726873
2.608602 1.552721
2.573082 0.958104
1.818789 0.934010
2.286158 1.482301
3.154157 0.966945
3.144058 0.804651
1.960644 0.848767
3.059310 0.314966
2.513974 1.465262
2.141651 1.958607
2.123193 0.376398
2.423689 0.837297
2.683828 0.525438
1.662588 1.436296
4.589696 -0.942740
4.534841 -0.950402
1.585499 5.089422
